{
 "cells": [
  {
   "cell_type": "code",
   "execution_count": 1,
   "metadata": {
    "collapsed": true
   },
   "outputs": [],
   "source": [
    "import os\n",
    "import numpy as np\n",
    "import pandas as pd\n",
    "import networkx as nx\n",
    "from matplotlib import pyplot as plt"
   ]
  },
  {
   "cell_type": "code",
   "execution_count": 2,
   "metadata": {
    "collapsed": true
   },
   "outputs": [],
   "source": [
    "os.chdir(\"C:\\\\Users\\\\alex\\\\Desktop\\\\Project 9- Virtual world Data Analysis\\\\dataverse_files\\\\csv\")"
   ]
  },
  {
   "cell_type": "code",
   "execution_count": 3,
   "metadata": {
    "collapsed": true
   },
   "outputs": [],
   "source": [
    "v=pd.read_csv('visits.csv',sep=\";\",header=None,engine='python',usecols=(0,1,2))"
   ]
  },
  {
   "cell_type": "code",
   "execution_count": 4,
   "metadata": {
    "collapsed": true
   },
   "outputs": [],
   "source": [
    "f=pd.read_csv('friends.csv',sep=\";\",header=None,engine='python',usecols=(0,1,2))"
   ]
  },
  {
   "cell_type": "code",
   "execution_count": 5,
   "metadata": {
    "collapsed": true
   },
   "outputs": [],
   "source": [
    "t=pd.read_csv('transactions.csv',sep=\";\",header=None,engine='python',usecols=(0,1,2))"
   ]
  },
  {
   "cell_type": "code",
   "execution_count": 6,
   "metadata": {
    "collapsed": true
   },
   "outputs": [],
   "source": [
    "l=pd.read_csv('logins.csv',sep=\";\",header=None,engine='python',usecols=(0,1))"
   ]
  },
  {
   "cell_type": "code",
   "execution_count": 7,
   "metadata": {
    "collapsed": true
   },
   "outputs": [],
   "source": [
    "s = pd.Series(pd.date_range('2008-01-07 22:07:00','2012-10-04 22:51:00',freq='1M'))"
   ]
  },
  {
   "cell_type": "code",
   "execution_count": 8,
   "metadata": {
    "collapsed": true
   },
   "outputs": [],
   "source": [
    "f[0]=f[0].as_matrix() \n",
    "f[0]= pd.to_datetime(f[0])"
   ]
  },
  {
   "cell_type": "code",
   "execution_count": 9,
   "metadata": {
    "collapsed": true
   },
   "outputs": [],
   "source": [
    "v[0]=v[0].as_matrix() \n",
    "v[0]= pd.to_datetime(v[0])"
   ]
  },
  {
   "cell_type": "code",
   "execution_count": 10,
   "metadata": {
    "collapsed": true
   },
   "outputs": [],
   "source": [
    "l[0]=l[0].as_matrix() \n",
    "l[0]= pd.to_datetime(l[0])"
   ]
  },
  {
   "cell_type": "code",
   "execution_count": 11,
   "metadata": {
    "collapsed": true
   },
   "outputs": [],
   "source": [
    "t[0]=t[0].as_matrix() \n",
    "t[0]= pd.to_datetime(t[0])"
   ]
  },
  {
   "cell_type": "code",
   "execution_count": 12,
   "metadata": {
    "collapsed": true
   },
   "outputs": [],
   "source": [
    "Friends=[604657, 193674, 236410, 154274, 1221508, 862314, 417817, 155957, 642042, 1632839, 1299217, 1689430, 175050, 1169120, 100248, 744051, 787633, 663725, 777064, 418421, 440424, 325009, 1514913, 538149, 744546, 1546477, 1712047, 721897, 1342542, 364317, 1397216, 980724, 621968, 163080, 781623, 500029, 374805, 1328375, 245007, 579938, 659933, 788695, 787162, 1474731, 1010228, 509803, 1541777, 216546, 681798, 455691, 567377, 693285, 110526, 759788, 1471008, 630574, 692330, 778753, 434454, 35745, 1290745, 818168, 416321, 794990, 744531, 1937519, 261151, 995151, 958008, 1247500, 656868, 360732, 445375, 1041796, 1616820, 1376445, 1257118, 1469830, 1095778, 537215, 366134, 1229704, 481265, 1359601, 1221832, 444718, 367801, 1075895, 913464, 816470, 371550, 1067519, 1073988, 1694062, 50661, 797630, 1107204, 1305313, 944394, 339258, 569555, 337638, 656492, 604293, 749841, 897573, 385475, 783846, 714705, 1195411, 709581, 1422039, 915771, 411279, 1409053, 349772, 591897, 1623833, 513430, 1447416, 889436, 1447044, 476074, 697553, 500550, 924898, 1576615, 811980, 1250052, 542690, 710787, 1317624, 440580, 911996, 649739, 731519, 1061705, 633332, 16765, 875785, 327875, 83696, 267912, 1333855, 878858, 511587, 521764, 176881, 1027505, 386692, 1171280, 1491235, 1035132, 231617, 1608728, 170654, 574075, 1326378, 111636, 412129, 1400711, 822669, 1272898, 882385, 535633, 1298548, 457374, 386352, 542030, 1114771, 1725692, 614459, 509869, 1603986, 234022, 774483, 932484, 1604146, 407235, 971682, 1247139, 1176353, 1334320, 1268801, 1413792, 17880, 1690089, 814838, 1631279, 556271, 238895, 899014, 331494, 1431389, 517182, 1245166, 1244984, 345181, 1720838, 985883, 518202, 1617759, 16769, 1051495, 1167330, 836489, 1112061, 1166471, 1844755, 1139809, 351938, 534928, 628506, 1292481, 609525, 411665, 806566, 378537, 476097, 164051, 921671, 1618008, 635729, 1533095, 378230, 423725, 154363, 1341449, 969334, 84237, 337545, 238764, 579031, 695178, 1208940, 585930, 393726, 1333383, 183331, 698243, 1470179, 1662125, 137396, 190907, 1444475, 1429801, 663942, 1245928, 478723, 1065240, 686164, 357747, 447505, 1546684, 1683118, 1658068, 1695887, 1528792, 475748, 692710, 1335489, 1594345, 1068949, 492895, 518345, 801019, 455711, 521224, 1132434, 1857787, 399204, 1235251, 1242757, 748961, 788520, 1429852, 92283, 833550, 1315916, 668253, 1179181, 953582, 966339, 1440585, 1463190, 1389590, 596454, 1322900, 1756738]"
   ]
  },
  {
   "cell_type": "code",
   "execution_count": 13,
   "metadata": {},
   "outputs": [
    {
     "data": {
      "text/plain": [
       "1221508"
      ]
     },
     "execution_count": 13,
     "metadata": {},
     "output_type": "execute_result"
    }
   ],
   "source": [
    "Friends[4]"
   ]
  },
  {
   "cell_type": "code",
   "execution_count": 14,
   "metadata": {},
   "outputs": [
    {
     "name": "stdout",
     "output_type": "stream",
     "text": [
      "Correlation table:\n",
      "               Friends    Logins  Transactions    Visits\n",
      "Friends       1.000000  0.943283      0.899211  0.869627\n",
      "Logins        0.943283  1.000000      0.951744  0.949435\n",
      "Transactions  0.899211  0.951744      1.000000  0.980925\n",
      "Visits        0.869627  0.949435      0.980925  1.000000\n"
     ]
    }
   ],
   "source": [
    "pv=[]\n",
    "pf=[]\n",
    "pt=[]\n",
    "pl=[]\n",
    "Tv1=[]\n",
    "Tf1=[]\n",
    "Tt1=[]\n",
    "Tl1=[]\n",
    "for i in range(56):\n",
    "    pv.append(v.loc[(v[0]>=s[i])&(v[0]<s[i+1])])\n",
    "    pf.append(f.loc[(f[0]>=s[i])&(f[0]<s[i+1])])\n",
    "    pl.append(l.loc[(l[0]>=s[i])&(l[0]<s[i+1])])\n",
    "    pt.append(t.loc[(t[0]>=s[i])&(t[0]<s[i+1])])\n",
    "    Tv1.append(len(pv[i]))\n",
    "    Tf1.append(len(pf[i]))\n",
    "    Tt1.append(len(pt[i]))\n",
    "    Tl1.append(len(pl[i]))\n",
    "print(\"Correlation table:\")\n",
    "df = pd.DataFrame({'Logins': Tl1,'Transactions': Tt1,'Visits': Tv1,'Friends': Tf1})\n",
    "df=df.corr(method='pearson')\n",
    "print(df)"
   ]
  },
  {
   "cell_type": "code",
   "execution_count": 16,
   "metadata": {},
   "outputs": [
    {
     "name": "stdout",
     "output_type": "stream",
     "text": [
      "Correlation table for 604657 user:\n",
      "               Friends    Logins  Transactions    Visits\n",
      "Friends       1.000000  0.276785      0.268007 -0.122391\n",
      "Logins        0.276785  1.000000      0.372473  0.490596\n",
      "Transactions  0.268007  0.372473      1.000000  0.140698\n",
      "Visits       -0.122391  0.490596      0.140698  1.000000\n",
      "Correlation table for 193674 user:\n",
      "               Friends    Logins  Transactions    Visits\n",
      "Friends       1.000000  0.476098      0.609906  0.399119\n",
      "Logins        0.476098  1.000000      0.627408  0.527850\n",
      "Transactions  0.609906  0.627408      1.000000  0.274670\n",
      "Visits        0.399119  0.527850      0.274670  1.000000\n",
      "Correlation table for 236410 user:\n",
      "               Friends    Logins  Transactions    Visits\n",
      "Friends       1.000000  0.435607      0.218425  0.318880\n",
      "Logins        0.435607  1.000000      0.263189  0.755894\n",
      "Transactions  0.218425  0.263189      1.000000  0.348659\n",
      "Visits        0.318880  0.755894      0.348659  1.000000\n",
      "Correlation table for 154274 user:\n",
      "               Friends    Logins  Transactions    Visits\n",
      "Friends       1.000000  0.382540      0.381657  0.212532\n",
      "Logins        0.382540  1.000000      0.242947  0.622626\n",
      "Transactions  0.381657  0.242947      1.000000  0.245092\n",
      "Visits        0.212532  0.622626      0.245092  1.000000\n",
      "Correlation table for 1221508 user:\n",
      "               Friends    Logins  Transactions    Visits\n",
      "Friends       1.000000  0.420022      0.311691  0.911034\n",
      "Logins        0.420022  1.000000      0.377881  0.508403\n",
      "Transactions  0.311691  0.377881      1.000000  0.415574\n",
      "Visits        0.911034  0.508403      0.415574  1.000000\n",
      "Correlation table for 862314 user:\n",
      "               Friends    Logins  Transactions    Visits\n",
      "Friends       1.000000  0.505023      0.119101  0.853274\n",
      "Logins        0.505023  1.000000      0.514587  0.637836\n",
      "Transactions  0.119101  0.514587      1.000000  0.206071\n",
      "Visits        0.853274  0.637836      0.206071  1.000000\n",
      "Correlation table for 417817 user:\n",
      "               Friends    Logins  Transactions    Visits\n",
      "Friends       1.000000  0.847073      0.674206  0.304415\n",
      "Logins        0.847073  1.000000      0.766928  0.371885\n",
      "Transactions  0.674206  0.766928      1.000000  0.433951\n",
      "Visits        0.304415  0.371885      0.433951  1.000000\n",
      "Correlation table for 155957 user:\n",
      "               Friends    Logins  Transactions    Visits\n",
      "Friends       1.000000  0.770322      0.519186  0.575988\n",
      "Logins        0.770322  1.000000      0.431659  0.688217\n",
      "Transactions  0.519186  0.431659      1.000000  0.383399\n",
      "Visits        0.575988  0.688217      0.383399  1.000000\n",
      "Correlation table for 642042 user:\n",
      "               Friends    Logins  Transactions    Visits\n",
      "Friends       1.000000  0.899498      0.897931  0.900660\n",
      "Logins        0.899498  1.000000      0.790746  0.895120\n",
      "Transactions  0.897931  0.790746      1.000000  0.842349\n",
      "Visits        0.900660  0.895120      0.842349  1.000000\n",
      "Correlation table for 1632839 user:\n",
      "               Friends    Logins  Transactions    Visits\n",
      "Friends       1.000000  0.324258      0.301962 -0.016119\n",
      "Logins        0.324258  1.000000      0.700176  0.630129\n",
      "Transactions  0.301962  0.700176      1.000000  0.522461\n",
      "Visits       -0.016119  0.630129      0.522461  1.000000\n",
      "Correlation table for 1299217 user:\n",
      "               Friends    Logins  Transactions  Visits\n",
      "Friends       1.000000  0.847957      0.175610     NaN\n",
      "Logins        0.847957  1.000000      0.594091     NaN\n",
      "Transactions  0.175610  0.594091      1.000000     NaN\n",
      "Visits             NaN       NaN           NaN     NaN\n",
      "Correlation table for 1689430 user:\n",
      "               Friends    Logins  Transactions    Visits\n",
      "Friends       1.000000  0.888009      0.612130  0.885502\n",
      "Logins        0.888009  1.000000      0.489024  0.748475\n",
      "Transactions  0.612130  0.489024      1.000000  0.407128\n",
      "Visits        0.885502  0.748475      0.407128  1.000000\n",
      "Correlation table for 175050 user:\n",
      "               Friends    Logins  Transactions    Visits\n",
      "Friends       1.000000 -0.128211      0.496897 -0.216433\n",
      "Logins       -0.128211  1.000000      0.021346  0.280597\n",
      "Transactions  0.496897  0.021346      1.000000  0.062826\n",
      "Visits       -0.216433  0.280597      0.062826  1.000000\n",
      "Correlation table for 1169120 user:\n",
      "               Friends    Logins  Transactions    Visits\n",
      "Friends       1.000000  0.547163      0.572268  0.429818\n",
      "Logins        0.547163  1.000000      0.582783  0.286095\n",
      "Transactions  0.572268  0.582783      1.000000  0.354129\n",
      "Visits        0.429818  0.286095      0.354129  1.000000\n",
      "Correlation table for 100248 user:\n",
      "               Friends    Logins  Transactions    Visits\n",
      "Friends       1.000000  0.537786      0.464663  0.428627\n",
      "Logins        0.537786  1.000000      0.750884  0.726357\n",
      "Transactions  0.464663  0.750884      1.000000  0.604078\n",
      "Visits        0.428627  0.726357      0.604078  1.000000\n",
      "Correlation table for 744051 user:\n",
      "               Friends    Logins  Transactions    Visits\n",
      "Friends       1.000000  0.486722      0.190498  0.072579\n",
      "Logins        0.486722  1.000000      0.444916  0.464409\n",
      "Transactions  0.190498  0.444916      1.000000  0.451998\n",
      "Visits        0.072579  0.464409      0.451998  1.000000\n",
      "Correlation table for 787633 user:\n",
      "               Friends    Logins  Transactions    Visits\n",
      "Friends       1.000000  0.445060      0.229051  0.559314\n",
      "Logins        0.445060  1.000000      0.483545  0.567548\n",
      "Transactions  0.229051  0.483545      1.000000  0.474583\n",
      "Visits        0.559314  0.567548      0.474583  1.000000\n",
      "Correlation table for 663725 user:\n",
      "               Friends    Logins  Transactions    Visits\n",
      "Friends       1.000000  0.771505      0.580873  0.657708\n",
      "Logins        0.771505  1.000000      0.756629  0.820554\n",
      "Transactions  0.580873  0.756629      1.000000  0.895685\n",
      "Visits        0.657708  0.820554      0.895685  1.000000\n",
      "Correlation table for 777064 user:\n",
      "               Friends    Logins  Transactions    Visits\n",
      "Friends       1.000000  0.396262      0.466355  0.254673\n",
      "Logins        0.396262  1.000000      0.684805  0.460437\n",
      "Transactions  0.466355  0.684805      1.000000  0.464170\n",
      "Visits        0.254673  0.460437      0.464170  1.000000\n",
      "Correlation table for 418421 user:\n",
      "               Friends    Logins  Transactions    Visits\n",
      "Friends       1.000000  0.422755      0.441623  0.044960\n",
      "Logins        0.422755  1.000000      0.469556  0.674905\n",
      "Transactions  0.441623  0.469556      1.000000  0.393056\n",
      "Visits        0.044960  0.674905      0.393056  1.000000\n",
      "Correlation table for 440424 user:\n",
      "               Friends    Logins  Transactions    Visits\n",
      "Friends       1.000000  0.659138      0.830399  0.803467\n",
      "Logins        0.659138  1.000000      0.559895  0.473078\n",
      "Transactions  0.830399  0.559895      1.000000  0.795011\n",
      "Visits        0.803467  0.473078      0.795011  1.000000\n",
      "Correlation table for 325009 user:\n",
      "               Friends    Logins  Transactions    Visits\n",
      "Friends       1.000000  0.475159      0.736918  0.753167\n",
      "Logins        0.475159  1.000000      0.507708  0.408554\n",
      "Transactions  0.736918  0.507708      1.000000  0.647964\n",
      "Visits        0.753167  0.408554      0.647964  1.000000\n",
      "Correlation table for 1514913 user:\n",
      "               Friends    Logins  Transactions    Visits\n",
      "Friends       1.000000  0.637399      0.533119  0.014943\n",
      "Logins        0.637399  1.000000      0.569732  0.508051\n",
      "Transactions  0.533119  0.569732      1.000000  0.104587\n",
      "Visits        0.014943  0.508051      0.104587  1.000000\n",
      "Correlation table for 538149 user:\n",
      "               Friends    Logins  Transactions    Visits\n",
      "Friends       1.000000  0.564586      0.714377  0.714265\n",
      "Logins        0.564586  1.000000      0.625169  0.641340\n",
      "Transactions  0.714377  0.625169      1.000000  0.862494\n",
      "Visits        0.714265  0.641340      0.862494  1.000000\n",
      "Correlation table for 744546 user:\n",
      "               Friends    Logins  Transactions    Visits\n",
      "Friends       1.000000  0.816607      0.383697  0.718468\n",
      "Logins        0.816607  1.000000      0.652984  0.928544\n",
      "Transactions  0.383697  0.652984      1.000000  0.724589\n",
      "Visits        0.718468  0.928544      0.724589  1.000000\n",
      "Correlation table for 1546477 user:\n",
      "               Friends    Logins  Transactions  Visits\n",
      "Friends       1.000000  0.714291           NaN     NaN\n",
      "Logins        0.714291  1.000000           NaN     NaN\n",
      "Transactions       NaN       NaN           NaN     NaN\n",
      "Visits             NaN       NaN           NaN     NaN\n"
     ]
    },
    {
     "name": "stdout",
     "output_type": "stream",
     "text": [
      "Correlation table for 1712047 user:\n",
      "               Friends    Logins  Transactions    Visits\n",
      "Friends       1.000000  0.879746      0.693092  0.184332\n",
      "Logins        0.879746  1.000000      0.876627  0.397058\n",
      "Transactions  0.693092  0.876627      1.000000  0.320558\n",
      "Visits        0.184332  0.397058      0.320558  1.000000\n",
      "Correlation table for 721897 user:\n",
      "               Friends    Logins  Transactions    Visits\n",
      "Friends       1.000000  0.791122      0.722312  0.817227\n",
      "Logins        0.791122  1.000000      0.653429  0.977098\n",
      "Transactions  0.722312  0.653429      1.000000  0.637199\n",
      "Visits        0.817227  0.977098      0.637199  1.000000\n",
      "Correlation table for 1342542 user:\n",
      "               Friends    Logins  Transactions    Visits\n",
      "Friends       1.000000  0.865103      0.260426  0.627448\n",
      "Logins        0.865103  1.000000      0.426539  0.546469\n",
      "Transactions  0.260426  0.426539      1.000000  0.208337\n",
      "Visits        0.627448  0.546469      0.208337  1.000000\n",
      "Correlation table for 364317 user:\n",
      "               Friends    Logins  Transactions    Visits\n",
      "Friends       1.000000 -0.167678     -0.125309 -0.152141\n",
      "Logins       -0.167678  1.000000      0.751134  0.727552\n",
      "Transactions -0.125309  0.751134      1.000000  0.693038\n",
      "Visits       -0.152141  0.727552      0.693038  1.000000\n",
      "Correlation table for 1397216 user:\n",
      "               Friends    Logins  Transactions    Visits\n",
      "Friends       1.000000  0.809664      0.710899  0.611123\n",
      "Logins        0.809664  1.000000      0.668747  0.802901\n",
      "Transactions  0.710899  0.668747      1.000000  0.405038\n",
      "Visits        0.611123  0.802901      0.405038  1.000000\n",
      "Correlation table for 980724 user:\n",
      "               Friends    Logins  Transactions    Visits\n",
      "Friends       1.000000  0.004531      0.096066  0.695105\n",
      "Logins        0.004531  1.000000     -0.106322  0.133485\n",
      "Transactions  0.096066 -0.106322      1.000000  0.345362\n",
      "Visits        0.695105  0.133485      0.345362  1.000000\n",
      "Correlation table for 621968 user:\n",
      "               Friends    Logins  Transactions    Visits\n",
      "Friends       1.000000  0.335337      0.354831  0.228615\n",
      "Logins        0.335337  1.000000      0.610092  0.362779\n",
      "Transactions  0.354831  0.610092      1.000000  0.400372\n",
      "Visits        0.228615  0.362779      0.400372  1.000000\n",
      "Correlation table for 163080 user:\n",
      "               Friends    Logins  Transactions    Visits\n",
      "Friends       1.000000  0.515001      0.503183  0.286103\n",
      "Logins        0.515001  1.000000      0.530857  0.548336\n",
      "Transactions  0.503183  0.530857      1.000000  0.770684\n",
      "Visits        0.286103  0.548336      0.770684  1.000000\n",
      "Correlation table for 781623 user:\n",
      "               Friends    Logins  Transactions    Visits\n",
      "Friends       1.000000  0.512184      0.663793  0.148891\n",
      "Logins        0.512184  1.000000      0.552722  0.692020\n",
      "Transactions  0.663793  0.552722      1.000000  0.368479\n",
      "Visits        0.148891  0.692020      0.368479  1.000000\n",
      "Correlation table for 500029 user:\n",
      "               Friends    Logins  Transactions    Visits\n",
      "Friends       1.000000  0.542971     -0.033562  0.058069\n",
      "Logins        0.542971  1.000000      0.371927  0.709288\n",
      "Transactions -0.033562  0.371927      1.000000  0.748550\n",
      "Visits        0.058069  0.709288      0.748550  1.000000\n",
      "Correlation table for 374805 user:\n",
      "               Friends    Logins  Transactions    Visits\n",
      "Friends       1.000000  0.413674      0.630060  0.404025\n",
      "Logins        0.413674  1.000000      0.623547  0.359383\n",
      "Transactions  0.630060  0.623547      1.000000  0.472736\n",
      "Visits        0.404025  0.359383      0.472736  1.000000\n",
      "Correlation table for 1328375 user:\n",
      "               Friends    Logins  Transactions    Visits\n",
      "Friends       1.000000  0.862733      0.716723  0.599548\n",
      "Logins        0.862733  1.000000      0.772967  0.640056\n",
      "Transactions  0.716723  0.772967      1.000000  0.475754\n",
      "Visits        0.599548  0.640056      0.475754  1.000000\n",
      "Correlation table for 245007 user:\n",
      "               Friends    Logins  Transactions    Visits\n",
      "Friends       1.000000  0.330217      0.073996  0.408475\n",
      "Logins        0.330217  1.000000      0.628984  0.672786\n",
      "Transactions  0.073996  0.628984      1.000000  0.765864\n",
      "Visits        0.408475  0.672786      0.765864  1.000000\n",
      "Correlation table for 579938 user:\n",
      "               Friends    Logins  Transactions    Visits\n",
      "Friends       1.000000  0.434998      0.514299  0.068397\n",
      "Logins        0.434998  1.000000      0.460463  0.820293\n",
      "Transactions  0.514299  0.460463      1.000000  0.266700\n",
      "Visits        0.068397  0.820293      0.266700  1.000000\n",
      "Correlation table for 659933 user:\n",
      "               Friends    Logins  Transactions    Visits\n",
      "Friends       1.000000  0.758400      0.767483  0.856466\n",
      "Logins        0.758400  1.000000      0.875331  0.770069\n",
      "Transactions  0.767483  0.875331      1.000000  0.814889\n",
      "Visits        0.856466  0.770069      0.814889  1.000000\n",
      "Correlation table for 788695 user:\n",
      "               Friends    Logins  Transactions    Visits\n",
      "Friends       1.000000  0.666393      0.521346  0.814001\n",
      "Logins        0.666393  1.000000      0.674926  0.614894\n",
      "Transactions  0.521346  0.674926      1.000000  0.415818\n",
      "Visits        0.814001  0.614894      0.415818  1.000000\n",
      "Correlation table for 787162 user:\n",
      "               Friends    Logins  Transactions    Visits\n",
      "Friends       1.000000  0.620007      0.768756  0.911171\n",
      "Logins        0.620007  1.000000      0.686348  0.668396\n",
      "Transactions  0.768756  0.686348      1.000000  0.836249\n",
      "Visits        0.911171  0.668396      0.836249  1.000000\n",
      "Correlation table for 1474731 user:\n",
      "               Friends    Logins  Transactions    Visits\n",
      "Friends       1.000000  0.419431      0.860369  0.906185\n",
      "Logins        0.419431  1.000000      0.338307  0.391587\n",
      "Transactions  0.860369  0.338307      1.000000  0.940117\n",
      "Visits        0.906185  0.391587      0.940117  1.000000\n",
      "Correlation table for 1010228 user:\n",
      "               Friends    Logins  Transactions    Visits\n",
      "Friends       1.000000  0.646347      0.210874  0.351368\n",
      "Logins        0.646347  1.000000      0.512836  0.593874\n",
      "Transactions  0.210874  0.512836      1.000000  0.915787\n",
      "Visits        0.351368  0.593874      0.915787  1.000000\n",
      "Correlation table for 509803 user:\n",
      "               Friends    Logins  Transactions    Visits\n",
      "Friends       1.000000  0.450703      0.583995  0.630487\n",
      "Logins        0.450703  1.000000      0.458389  0.272436\n",
      "Transactions  0.583995  0.458389      1.000000  0.453792\n",
      "Visits        0.630487  0.272436      0.453792  1.000000\n",
      "Correlation table for 1541777 user:\n",
      "               Friends    Logins  Transactions  Visits\n",
      "Friends       1.000000  0.991504      0.832056     NaN\n",
      "Logins        0.991504  1.000000      0.892342     NaN\n",
      "Transactions  0.832056  0.892342      1.000000     NaN\n",
      "Visits             NaN       NaN           NaN     NaN\n",
      "Correlation table for 216546 user:\n",
      "               Friends    Logins  Transactions    Visits\n",
      "Friends       1.000000  0.844800      0.611458  0.755580\n",
      "Logins        0.844800  1.000000      0.713132  0.709775\n",
      "Transactions  0.611458  0.713132      1.000000  0.720664\n",
      "Visits        0.755580  0.709775      0.720664  1.000000\n",
      "Correlation table for 681798 user:\n",
      "               Friends    Logins  Transactions    Visits\n",
      "Friends       1.000000  0.461506      0.173862  0.824597\n",
      "Logins        0.461506  1.000000      0.339148  0.721367\n",
      "Transactions  0.173862  0.339148      1.000000  0.194618\n",
      "Visits        0.824597  0.721367      0.194618  1.000000\n",
      "Correlation table for 455691 user:\n",
      "               Friends    Logins  Transactions    Visits\n",
      "Friends       1.000000  0.707034      0.796836  0.767882\n",
      "Logins        0.707034  1.000000      0.725162  0.758529\n",
      "Transactions  0.796836  0.725162      1.000000  0.845339\n",
      "Visits        0.767882  0.758529      0.845339  1.000000\n",
      "Correlation table for 567377 user:\n",
      "               Friends    Logins  Transactions    Visits\n",
      "Friends       1.000000  0.273168      0.559844  0.095395\n",
      "Logins        0.273168  1.000000      0.742633  0.663463\n",
      "Transactions  0.559844  0.742633      1.000000  0.626411\n",
      "Visits        0.095395  0.663463      0.626411  1.000000\n",
      "Correlation table for 693285 user:\n",
      "               Friends    Logins  Transactions    Visits\n",
      "Friends       1.000000  0.894304      0.938199  0.919418\n",
      "Logins        0.894304  1.000000      0.828667  0.892399\n",
      "Transactions  0.938199  0.828667      1.000000  0.821717\n",
      "Visits        0.919418  0.892399      0.821717  1.000000\n"
     ]
    },
    {
     "name": "stdout",
     "output_type": "stream",
     "text": [
      "Correlation table for 110526 user:\n",
      "               Friends    Logins  Transactions    Visits\n",
      "Friends       1.000000  0.704204      0.573571  0.491208\n",
      "Logins        0.704204  1.000000      0.807881  0.894435\n",
      "Transactions  0.573571  0.807881      1.000000  0.745052\n",
      "Visits        0.491208  0.894435      0.745052  1.000000\n",
      "Correlation table for 759788 user:\n",
      "               Friends    Logins  Transactions    Visits\n",
      "Friends       1.000000  0.343557      0.014881  0.061289\n",
      "Logins        0.343557  1.000000      0.393134  0.378023\n",
      "Transactions  0.014881  0.393134      1.000000  0.886682\n",
      "Visits        0.061289  0.378023      0.886682  1.000000\n",
      "Correlation table for 1471008 user:\n",
      "               Friends    Logins  Transactions    Visits\n",
      "Friends       1.000000  0.626408      0.722597  0.878748\n",
      "Logins        0.626408  1.000000      0.632164  0.530903\n",
      "Transactions  0.722597  0.632164      1.000000  0.708614\n",
      "Visits        0.878748  0.530903      0.708614  1.000000\n",
      "Correlation table for 630574 user:\n",
      "               Friends    Logins  Transactions    Visits\n",
      "Friends       1.000000  0.536828      0.600690  0.087007\n",
      "Logins        0.536828  1.000000      0.408395  0.768030\n",
      "Transactions  0.600690  0.408395      1.000000 -0.061570\n",
      "Visits        0.087007  0.768030     -0.061570  1.000000\n",
      "Correlation table for 692330 user:\n",
      "               Friends    Logins  Transactions    Visits\n",
      "Friends       1.000000  0.853261      0.487116  0.305005\n",
      "Logins        0.853261  1.000000      0.537311  0.364417\n",
      "Transactions  0.487116  0.537311      1.000000  0.282441\n",
      "Visits        0.305005  0.364417      0.282441  1.000000\n",
      "Correlation table for 778753 user:\n",
      "               Friends    Logins  Transactions    Visits\n",
      "Friends       1.000000  0.796516      0.865494  0.687522\n",
      "Logins        0.796516  1.000000      0.814415  0.829538\n",
      "Transactions  0.865494  0.814415      1.000000  0.787981\n",
      "Visits        0.687522  0.829538      0.787981  1.000000\n",
      "Correlation table for 434454 user:\n",
      "               Friends    Logins  Transactions    Visits\n",
      "Friends       1.000000  0.902742      0.697891  0.665805\n",
      "Logins        0.902742  1.000000      0.698997  0.743385\n",
      "Transactions  0.697891  0.698997      1.000000  0.828259\n",
      "Visits        0.665805  0.743385      0.828259  1.000000\n",
      "Correlation table for 35745 user:\n",
      "               Friends    Logins  Transactions    Visits\n",
      "Friends       1.000000  0.796473      0.095590  0.026856\n",
      "Logins        0.796473  1.000000      0.332405  0.391530\n",
      "Transactions  0.095590  0.332405      1.000000  0.890443\n",
      "Visits        0.026856  0.391530      0.890443  1.000000\n",
      "Correlation table for 1290745 user:\n",
      "               Friends    Logins  Transactions    Visits\n",
      "Friends       1.000000  0.820223      0.567664  0.593292\n",
      "Logins        0.820223  1.000000      0.503154  0.532739\n",
      "Transactions  0.567664  0.503154      1.000000  0.981373\n",
      "Visits        0.593292  0.532739      0.981373  1.000000\n",
      "Correlation table for 818168 user:\n",
      "               Friends    Logins  Transactions    Visits\n",
      "Friends       1.000000  0.967974      0.784408  0.740446\n",
      "Logins        0.967974  1.000000      0.768566  0.737071\n",
      "Transactions  0.784408  0.768566      1.000000  0.547292\n",
      "Visits        0.740446  0.737071      0.547292  1.000000\n",
      "Correlation table for 416321 user:\n",
      "               Friends    Logins  Transactions    Visits\n",
      "Friends       1.000000  0.821389      0.519047  0.529759\n",
      "Logins        0.821389  1.000000      0.581176  0.653444\n",
      "Transactions  0.519047  0.581176      1.000000  0.475904\n",
      "Visits        0.529759  0.653444      0.475904  1.000000\n",
      "Correlation table for 794990 user:\n",
      "               Friends    Logins  Transactions    Visits\n",
      "Friends       1.000000  0.651266      0.538832  0.786849\n",
      "Logins        0.651266  1.000000      0.629030  0.708839\n",
      "Transactions  0.538832  0.629030      1.000000  0.618109\n",
      "Visits        0.786849  0.708839      0.618109  1.000000\n",
      "Correlation table for 744531 user:\n",
      "               Friends    Logins  Transactions    Visits\n",
      "Friends       1.000000  0.785608      0.719420  0.452876\n",
      "Logins        0.785608  1.000000      0.745662  0.774673\n",
      "Transactions  0.719420  0.745662      1.000000  0.568302\n",
      "Visits        0.452876  0.774673      0.568302  1.000000\n",
      "Correlation table for 1937519 user:\n",
      "               Friends    Logins  Transactions    Visits\n",
      "Friends       1.000000  0.860467      0.623591  0.804155\n",
      "Logins        0.860467  1.000000      0.838832  0.893012\n",
      "Transactions  0.623591  0.838832      1.000000  0.611749\n",
      "Visits        0.804155  0.893012      0.611749  1.000000\n",
      "Correlation table for 261151 user:\n",
      "               Friends    Logins  Transactions    Visits\n",
      "Friends       1.000000  0.811857      0.864483  0.673053\n",
      "Logins        0.811857  1.000000      0.838535  0.798812\n",
      "Transactions  0.864483  0.838535      1.000000  0.774964\n",
      "Visits        0.673053  0.798812      0.774964  1.000000\n",
      "Correlation table for 995151 user:\n",
      "               Friends    Logins  Transactions    Visits\n",
      "Friends       1.000000  0.661461      0.676090  0.888346\n",
      "Logins        0.661461  1.000000      0.626658  0.650103\n",
      "Transactions  0.676090  0.626658      1.000000  0.756643\n",
      "Visits        0.888346  0.650103      0.756643  1.000000\n",
      "Correlation table for 958008 user:\n",
      "               Friends    Logins  Transactions    Visits\n",
      "Friends       1.000000  0.730275      0.366995  0.665945\n",
      "Logins        0.730275  1.000000      0.403376  0.604166\n",
      "Transactions  0.366995  0.403376      1.000000  0.637357\n",
      "Visits        0.665945  0.604166      0.637357  1.000000\n",
      "Correlation table for 1247500 user:\n",
      "               Friends    Logins  Transactions    Visits\n",
      "Friends       1.000000  0.727567      0.847255  0.496715\n",
      "Logins        0.727567  1.000000      0.725463  0.660426\n",
      "Transactions  0.847255  0.725463      1.000000  0.670925\n",
      "Visits        0.496715  0.660426      0.670925  1.000000\n",
      "Correlation table for 656868 user:\n",
      "               Friends    Logins  Transactions    Visits\n",
      "Friends       1.000000  0.681550      0.490524  0.775689\n",
      "Logins        0.681550  1.000000      0.881604  0.827197\n",
      "Transactions  0.490524  0.881604      1.000000  0.824051\n",
      "Visits        0.775689  0.827197      0.824051  1.000000\n",
      "Correlation table for 360732 user:\n",
      "               Friends    Logins  Transactions    Visits\n",
      "Friends       1.000000  0.628864      0.219912  0.409341\n",
      "Logins        0.628864  1.000000      0.647226  0.660545\n",
      "Transactions  0.219912  0.647226      1.000000  0.558384\n",
      "Visits        0.409341  0.660545      0.558384  1.000000\n",
      "Correlation table for 445375 user:\n",
      "               Friends    Logins  Transactions    Visits\n",
      "Friends       1.000000  0.752434     -0.047591  0.323755\n",
      "Logins        0.752434  1.000000      0.173708  0.532480\n",
      "Transactions -0.047591  0.173708      1.000000  0.879731\n",
      "Visits        0.323755  0.532480      0.879731  1.000000\n",
      "Correlation table for 1041796 user:\n",
      "               Friends    Logins  Transactions    Visits\n",
      "Friends       1.000000  0.066135      0.746416  0.729487\n",
      "Logins        0.066135  1.000000      0.087124  0.268142\n",
      "Transactions  0.746416  0.087124      1.000000  0.737590\n",
      "Visits        0.729487  0.268142      0.737590  1.000000\n",
      "Correlation table for 1616820 user:\n",
      "               Friends    Logins  Transactions    Visits\n",
      "Friends       1.000000  0.386431      0.194820  0.150855\n",
      "Logins        0.386431  1.000000      0.872123  0.787626\n",
      "Transactions  0.194820  0.872123      1.000000  0.828664\n",
      "Visits        0.150855  0.787626      0.828664  1.000000\n",
      "Correlation table for 1376445 user:\n",
      "               Friends   Logins  Transactions    Visits\n",
      "Friends       1.000000  0.77503      0.739675  0.798079\n",
      "Logins        0.775030  1.00000      0.683720  0.767090\n",
      "Transactions  0.739675  0.68372      1.000000  0.682212\n",
      "Visits        0.798079  0.76709      0.682212  1.000000\n",
      "Correlation table for 1257118 user:\n",
      "               Friends    Logins  Transactions    Visits\n",
      "Friends       1.000000  0.900051      0.644184  0.777984\n",
      "Logins        0.900051  1.000000      0.709314  0.894720\n",
      "Transactions  0.644184  0.709314      1.000000  0.852046\n",
      "Visits        0.777984  0.894720      0.852046  1.000000\n",
      "Correlation table for 1469830 user:\n",
      "               Friends    Logins  Transactions  Visits\n",
      "Friends       1.000000  0.779812      0.524008     NaN\n",
      "Logins        0.779812  1.000000      0.254192     NaN\n",
      "Transactions  0.524008  0.254192      1.000000     NaN\n",
      "Visits             NaN       NaN           NaN     NaN\n"
     ]
    },
    {
     "name": "stdout",
     "output_type": "stream",
     "text": [
      "Correlation table for 1095778 user:\n",
      "               Friends    Logins  Transactions    Visits\n",
      "Friends       1.000000  0.131220      0.113568  0.086187\n",
      "Logins        0.131220  1.000000      0.996591  0.955697\n",
      "Transactions  0.113568  0.996591      1.000000  0.956889\n",
      "Visits        0.086187  0.955697      0.956889  1.000000\n",
      "Correlation table for 537215 user:\n",
      "               Friends    Logins  Transactions    Visits\n",
      "Friends       1.000000  0.922795      0.648817  0.518820\n",
      "Logins        0.922795  1.000000      0.741192  0.640398\n",
      "Transactions  0.648817  0.741192      1.000000  0.920889\n",
      "Visits        0.518820  0.640398      0.920889  1.000000\n",
      "Correlation table for 366134 user:\n",
      "               Friends    Logins  Transactions    Visits\n",
      "Friends       1.000000  0.682049      0.249237  0.225273\n",
      "Logins        0.682049  1.000000      0.592358  0.257177\n",
      "Transactions  0.249237  0.592358      1.000000  0.167797\n",
      "Visits        0.225273  0.257177      0.167797  1.000000\n",
      "Correlation table for 1229704 user:\n",
      "               Friends    Logins  Transactions    Visits\n",
      "Friends       1.000000  0.493256      0.718850  0.852082\n",
      "Logins        0.493256  1.000000      0.443098  0.328080\n",
      "Transactions  0.718850  0.443098      1.000000  0.879687\n",
      "Visits        0.852082  0.328080      0.879687  1.000000\n",
      "Correlation table for 481265 user:\n",
      "               Friends    Logins  Transactions    Visits\n",
      "Friends       1.000000 -0.085510     -0.281608 -0.251874\n",
      "Logins       -0.085510  1.000000      0.492099  0.271791\n",
      "Transactions -0.281608  0.492099      1.000000  0.189174\n",
      "Visits       -0.251874  0.271791      0.189174  1.000000\n",
      "Correlation table for 1359601 user:\n",
      "               Friends    Logins  Transactions    Visits\n",
      "Friends       1.000000  0.859081      0.824423  0.453996\n",
      "Logins        0.859081  1.000000      0.855625  0.518896\n",
      "Transactions  0.824423  0.855625      1.000000  0.518214\n",
      "Visits        0.453996  0.518896      0.518214  1.000000\n",
      "Correlation table for 1221832 user:\n",
      "               Friends    Logins  Transactions    Visits\n",
      "Friends       1.000000  0.631631      0.686665  0.666764\n",
      "Logins        0.631631  1.000000      0.526860  0.818466\n",
      "Transactions  0.686665  0.526860      1.000000  0.550682\n",
      "Visits        0.666764  0.818466      0.550682  1.000000\n",
      "Correlation table for 444718 user:\n",
